45225156492970737008788078310817873387546521092788039049588460671191400578017
2127652220572544675083972057410940227811658192756615798394122492122572837522
73265817011928926730584893472672162773605952647858481487144340103079562952570
36527016494669750673717077566206483912197257977416771585164783738867728432141
26151298033256210181635624396371919472402249003381079628676239723906122865764
28257036856559714393082526239061454030756911218709957292047534996633159869654
51440224729033642304472429991076109258577113621346445349237991437870779614148
52549050032799444619361074493063306906519450177703370724038637167450858719852
102096680755697174203176688875383834753455697781381807241945868172364086555423
90355561698711027534494495408134690543903615335311632562260469553157331208205
70202521671027053436242784203171016694905768924035802758112248080837086710448
97621490522164714490038686190491725105300850744240755030357638657549448473355
82357456024796017111015813681011534161090731205732291022873470826788930723310
50986747075211275740618812950366286800015689216864758013220332331424838911602
17126198548683597727704733762412161633525170422518829764660145294620116241096
62278467995148648270917954573966211839825182452235505615499680469911164515522
89056042498857375770283799923393483844645852566637811741707563213093511888335
73948334716277862950337787349359155390072491837786269437360092015053229693253
107056905255294485127646367380103131416765595869281975594315360581713288957945
83596294986563486328997517134109025315350368835206856091628866358629707531844
40842200579269573675206135240540128923721577200474267206682463012234836924042
105931222754471114777685124437092838617829883507643723920005984663065377756401
47147860167729532156279246323473203338808226256812442980062899281662501562905
29877168363157095379710355927522761511109261195808481671578819990205838379581
39245205725009581984364347797450273447238520773724051356182112419906000496738
13723706904346295344429469713277579180151185957045436521362549867056291172886
77514694511296255891959574118381909596782206756393534995275091372864250330476
38486072703804670675310875872238479184745009563593590052265141457053310177500
17970835099701207301989790535678604536930875462352036581287281650768803464118
73571655817633166928705937779447619114104220073743853469026140999378243994500
18634638790760510132669011990640563765019165263703964643260514504990174303076
114584892886154458865620172343912589792807383722606956658671066991429231713567
71074555426799157229911085507136446584310644169846806458717048044625774336202
2190650046140509054945235734621161904104610768917650949752825659152228485160
82654878685211843343702388502874980600884579246052590432443452186004211910048
78957180872250503386937133026764908535816794562950450573769265103685392784782
110098433639966651864929499411050361401468315124201084749525664506559565538057
9362823332292878081370218275139403331254543818980473533958470859153595777779
45935116708571728805081014817522234939212756263259687472989343487427625977588
103857036311110821574563016414874449775496040399095167083165906114776473763295
16651234635856209108350670135286162948535813232227504245365713063676075968916
110531931140211327663275536147203884959536083309221727479166589661918956509726
66058457383399085758626540355493145761369521267740794560182214384605085773896
84923965048897660538443992335711247648903894629713184780270026150410436636582
98487289591881266854553474199543990320179080294642431148540601122195565993258
100979052961758838549101533456531645801923942569713936853679209510338385527394
82199458545084156578143912416670410778346797953909274178044629926523676008840
68826294870890769690359088516137946693837846274004583245081838774237525399467
2288447181416726896369495251181642159497178154199475143110542203794966953070
110933052923289512456545757078095040737762825587850381661028917008246395337372
5625676439599829030009020134397760247558225744669342574349504492869464622763
83575712071809687748576106872456742256387988908213843563021387754910673830968
88586490730199689752643466871591575662547241484713490884990735232201015429037
91563506119445414485531097857725327407736171133222122144121326204852970069621
12215981045347680147546087618701433690551823275086485536833527727504483432793
56739634073717143792316477432946521952319188379846815038880991669033834829406
108425569944872998798468387995322766249100405257644302835967835260302403254722
82421979420229999658577777450621970381314754894283335668094256648797289038425
1929258433681697599305955015699809915023571221373939958642561869866256203468
21859370979225401449459081019083676036887103119953845840488634734677166925586
93492475761757196773134602168257896422525317783936087912691300506463327619294
104094638276897568088539351349026714419497667221564915556429278189574019702831
114179926418762814507597058919908400856021892675796374329319392924601326486333
11203191859144979999603111175472506477367336521024343699767596717171015214002
62681553112763956203776741833846249945617585724625341482713252562689119314386
23542013890095198672559278639264515039798798623533172452433797590121159107280
48447857084216244487320661267412281894165741616037328318024183558484980661124
74995924379666428033523099024329910176787211921013310934347483764482440112212
87589546161456747737560880966030345155680951160356832400939132519540837864938
95515444283013346191758746397787830046982380446572331813414808595279706764528
13800665104851593935135111220123695985436423006158908090530993057431115889513
4800795351952774564670326609399638273839411140290223972259159812758977742083
14238964538276806235142899392690044243441046593692208242965145809565215466846
96229453919138205759985307455690593724152570109502906820311034742398475699896
93872583543363787377198075398378676273308068445469926855813271608957571617191
95298528751536256312501672592541803043616173982046978228237540560124282516454
22689358353719368453532431253027702705774348874558121505511243417006259539857
88872840655761902836508924541017502790690123984028944018765890588823329465968
41551755054786621581114556814136881646808360681315125365950408827588899203596
42908812979874824974240699063900965192877633235503213376632656055115475870707
34807549621902340682086861085099123979223937788836042200531978596372123268190
85500435918273409380087876978368541747365915391904341933169371372375780171251
99190991073789165259321949643154976815102041819203339978822501393450535994724
54677295954566515172118299214161697475173243224781708136998878399567389693074
97492020938364813226797657464206616390860900327875892286247942333711036735512
10025767753520003310319180344554695508810429659342354506977151353117815620326
110148615940692040700437124443314437065053543068822015729238957439801695353113
56555138398795465278888075730029289476878536802407421060569848388709058057819
93619586650760050751000615902375868035228101991473588126532602668821315652300
85815963962423619000712333552992259416624934611597895639855241491323513629397
96852923634886884554929829092907248936851073948659351782934826665307071082640
9196804483681883493853571551525118967226946998187844961643108738828461622081
69473845833134417590891049831771891514235496817066458471990451919480300621136
1521231318319839614650012346909575293088332066202893141970595532480358841184
35111488560351502491885489663881100008085202724066290624197996463054187198869
40945379621120517972768661304231901874648962664581420799419696013443061557398
106037701707498760827797016521115410763667908478935020922765512058035338108162
59323411326139411540554047379579130636415877252568946826397602318534412881990
83502345777590882708915957148891570772306424511449532375468300456827309371399
50419996012425129471600874994674972158551735914007401853705411099556599861784
