111111100011010000011000111110010011011000110011000000110101010100111011010101110010011000010000100011001011101101011011000011100001001011000000000000000100100
101011101111011101011100001001011101111110010010111101011001011110001101100011011011100001100111100100110000010101101100000100011001111110101001101101010100110111
101110110101110111111111011101011100100011101011111101010101011000011001001011110011001011111100100100001111110001101111010100100001101100111000011101110110001111
10101011000011011110000000110011001011101100100010110010010001000101011100011010111011010100110000010110110001010101101101110000011001010111000100100101010011110
110101001110010001011100011110100010000111001100100101111101101111101111001110101101011011100111000111010100001000110101101100101110011000111110000001101100111000
10101001110001111001111100001000111101010101001000000010001101111000111110011001101101101100101000111010101100001110100101001100000011101111010001010100111001100
11110001101011110010110001111011101110000010010101000101110000011100010110100001101100010100100010010011011110010111101010000110000111011001101100101000110011010
1100101111100011000001011100000100011001001011010101010110111010001001101111101101101010001101100111100111111001110001000101110010001110101000010101011101000010
101111101110101111100111001110111011010110111001001001111111000000001110000000010010111001010001001010111111011000000011010001001001100110000010010110010001111111
1011011000100001100000011101101011000100001100100101010100001011101011011010001101011110110001111101100010001110110000101010011111001001001011111010110110100110
100011110101011001001000011011000010101000010101000010111010101101110011001101000100111001000101001111101101111100110110100010101111100000101100001100110011101110
111001010010001001100100011011110001111100001101000110101100010111101010001100001001011101010101010100011100100101000011100011101011100110001000111101000011000111
101011000100010010011111111001100011111001100000110100101011011101110001111110010111011001100100101110011000000001010010100111011001100111000001110011000011100110
101100011100100011110000100000000000011100000001110000111100101010110100001101001000100110011101000000010110101001101010010001010100111000000010110010011001100100
1001011110110101000100010011111111110110000100011101001100111000001011111000010010010111001110110110010110001000011101001001001001011101100110101110110000101101100
110000100100111100110001001010000010010010100101110010111101111101110001111000111110000101110101000010101110101111001111011110111001010110110001000001110001111101
100111100101101101111000001111001101111111101010100010101101111100100000000110001010001110000000101100001111101000011011011011000010001001110100010000001010011
101110010010011101001001110100010010110000110110101101001000000010111100110000101010100101011100011011111100011101011000001001110110001111100001101010011011100110
11110010001000101000011111110011010111011000100010000101111000011111011110011000100100010000111011011110110101111100111000100110111010101111000001101100000100111
1111110101100100110000011111110100110111100111100100111111010011101100000001111000011011011101001000111010010000110000111101101011110011000000010101110110110100
1000100011010111111101110101001000110001111110011111101111000101101110011100111110000010011000110000010111111110101011100101000010001001111010100101010011111010001
1110011000101101001010110000110011100010001110100001100001000101000100000011000110111100010001010010001101101000100111010100010110110111000100110111110101101000
10111010011011100100101110010110111101001100000100000010010010101000100110000000011100001011110100011100101011111111001010110100111100111000010111010110011110111
1000110111000111111001001101010001101000111100101110010111110000111111101111011110010101100111100010000101101111101000000100111010111101000010010001100100001101000
1010110101010100100110110010000000011101000001011111000100110001010000101101101101110011111101001011110010011010111010001001100010011111000011100111000000101000
1101111001001011110011101101101100101000001110011100101101010010010100001111100001110110000000010001000011000000110110000011001110010101100000011000010011100111
100100101001100001110011000011000000001001001111000011110101110010100001010001111110101010110010001110001111000011000111010010111100001011101100100111101101110111
1000111111100011000000111111101001011100111000101110001101010101101000101010110111010011001100111001101001101101010100111101110001010111011111001000001111010100111
101111101000100011110111110100010011111000101010011000000011001100001011000000110110101110100011111010000100100001011011010101111110001110111001100111011110001001
1010100010000001110101001000011111111011100000000001111011110100000010111101010100111111000111101100100011000101111110011110100101111100100101111011001010001100
10101111101101001010001000000101100101011101001000001001100011011001000110110001011101111100011001000111001110110001010111110100001001111001101110110001101111111
10001100100010111011001100110011110111110111111011011111100010000001100011000000011101110001101100100010001111011001011011111110001001110001001011011111001100100
1000010101110101000001000111110011011100100101101010100000101110010001000100101011000000010111101011110000101001101111000000100100010010111000111111001100111011010
111011010101011110110110000110101100100110000110110100100101010111011110111001101111001000010011111110010111000111010111101010101001001111100101001101111001010001
10110001011011101000001110010011101011011100011010110101001001010110010101110110111111001011000110000011110110010010010000010001100001001101111111001011001110000
100010000011101111100011111110010101011110000111110111001010010101010000110011111000010001001111100010110100101011010001110001011110001101100100100110000110110000
11000001100010000110010001111101001000100010010100110101001010010000111010011100101110000111101111000001111010001010000011111100000110011111011011101101001110001
110110001000000110010010010101101110011100010100011110011110011001011000101110111011011000010011100001101100100000101111110010111010110000100011011100000111010001
1011101110111101001100101001011110111011000111110001010110011011001010110111011010010111010101011011111001101111000001111011000010000000100010011011010110000111
100001011010010100111001111111101101000000011100100010101100001100100101000000101110000110110111001001011111110000111111110001011101110110001111010010011110001000
111111111101010011101100000010110110001100000100100011010110010011000000111011010011011001111100101000000110111111111001101101010101011010100010111001011001101101
11010100010111100011010010101111101010011001001010110010101100010000111010010010011100001000000000000101100101111011000110110100111101001000110100111001001100101
1001011010110111010111100010101100100010010100010111111110111011100011111000001011011011010001110111100010110101000110001111011001001001100101101001111011111001101
11011001000000011001001101001101110111110010100101100111001001010001111100011111001111101100011110000101100100111001100000110011111110111010001100101110000001000
110011110101101001110110110101101001100101011000000010111111010001010100001010011110111110011101011110101101101100100011101111100001100001101000110001100111010
111101011010010000100110111111010010001110000111000100100000111100110111001111101000100011011001011000011011011001101111110101101011111111101101001110101111110101
11110001000011110010010111101001101100110010111111010100010001101101011000000000100110101111011000101100011111010011100010111101011101010101010101000110101111011
10101000111000010111100011101000001100001110101100111110101100101001000010101100110111111110110001011110101110011011101110000000101001001000100000101010110000100
1000000101001100110110000101100001100001001011011101000111001001110101101010111010011011110111110010111010011110000110010101100001110001001001011101001000110
1000100000110100001011011010000001010111011111011010001111010110101100010110001111000010111001100110101101111110011011000000001101110110001010000010011111101111
11010110101101110011111101010101100010000001010010000101010101001000011100001110101011111000110010000111001001001101001010101000011011010011011101000101011000111
111000011100110011011100101010111001000101010100010001010000010101010000001100100110111100101101100011111110100110000010001011000010000011001000111101000101110001
10100000110110000001001010111101110011011110100100100101101010111010011000110101000011010101101111101011101011001000100000100011100001110111111110101000001100001
1101100111110001001001111010010101100110101101010100110011100010101110110111011000000100100110100011101110100110001011110001001111000010011101011110001010010101
1100110010100111110010001110011111001100011000010011000100011111100110100010110000111110010010110111110110001111101110000010110011100000001110011000010001001010
11000000101110010001100101001010010111001011111111111010100101000000000011101110100000110010010011100010010101100000101100100011111001100000000001000010001100011
11100110010010110101001001000010111011010000000101101000000110000111111100011100110101110100010011100100000111101111000111000010101110110001111000001111111001100
1010110011001101010101101100001011101011011001001001111011111001001100100110000100101101111100100011111001101110110101101000110011001110100100010110001011100000
11101111110011100110001010000001110010101101001111000000010001010010000010110111000010000100011000000110010101010001010100011010100011011010101010010011011111
1000101110110011000011110110101101010010110100010000100000011110111000000101101111000001101100001011001011000101011010111001010110111010101101011110000001101010011
101011100101001000101001111011111011100101000000010011110100001111100000101111001010000101110110011110001110011001101100010100110101011000010010100011111100101100
1001011011110010011101010011011011111110100011000001111100110111001001001101110011011100010110001101010110000111011100110010101001001101001011101011010000101011001
110100011110011111110111010100110101011011010111011110101001101011001101111101011101101100001110000110001011111000100101101111001100000011110011000110001100000010
100011101100010011001000011001111000001110000001011011011100101011001011111110010101111000100100111100110011010110001100111011001000101001110110010101101111111
101001001001101000110110010110111001011010001110011100000001110100110111011010000100011111101001011000010100010011111111001110000111101010010100001100000011001111
10001100101110001111010010000111110111110011011100110101111100000110010100111111000110111010101000000000101101110001110110001101001001111101101100011100011000110
1000001101001101110100000010011100110100001100001101000101110111101101000111101100111000111010111000111001001111101001101010111100000010010101011111000011011110000
11000111010001111001110111100011101100100010000100111111001100011111101010111100111010101100010101100000101000101111101000100000110100111000000011110111010110111
111000011000011010100000001110001010001011110111111111010100101000010000001110111011110010110111100011100110000011000100011111111111010001110000001001101110100000
10001100110110000010010110111000001111100010001001111101100101000101101111001111010011110110100110100110011001010101111101100111000111100001101010010010111101100
1000010110000011001101110100111111000111010101010001000000011000010000001100111101010111110101111000011001000001110011100000000100010011101100011001110111011110000
100111100101010101111111100101000000001001010100010100110101001001000000001001110001010111111001111100111110111100100000110011110110110010101110010011001110001
11010100011001111110001110100010110110101010011000101100011001001101111000111010101000110100110000110111001101000010111010110110001110111101001111011100111001110
100111110001110101011010100110011010100100111111110111100011010110100000110011110110001011001011100100111110011100000011101111100001101111001100001010101101000100
1001011100010011111110010001001101001111101001101100010111101101100010100100010110001101011011000101001110000010101011000110111100111011000101101000010110001000111
100001011101010100110101101011100010000111101111100100001001101100110001000111001100110100011100000011100010010100011101100110101110110001100111011101100101111101
10000110110011000100011111010011101101111000100110001100111110100101010010101000001111101010101110001100111110000110101111001011011001000011001010101100101000110
100111011100001101001100001100100000111001001011110111101100000010100100000100011100011011110101000001110111111100101011000111101001111011110010101101100011
1001000011101100000111101000010011101101110010011110011110011101101001000001001101011111000101101100101101111011011001000111101101110111001011101110110010011110010
100101110000001101101000010111011101101000011100111110011111010111101001000001110111100000101000001001100100000111000001000110101100110011101000100010011010100001
111010001011101110000000001000001010101010101001010011011100110101110101000111011110000110101011111001110011011011100001000011000001011011001011100100111101010101
1000001011010110100111101000101110000111100000010000011101010011011111000111011000000000110000000110101000001011110011011111011100000100101101010011111111011101101
1111111111011110011010010000011011111011000010001000000111111000001011101110000110001100111011110100101011011001100100110110111010100110110111110100001100011010
10000001111110101100000101100001101111100011001101110001001011010001111100111000100011000101011110101000000001101110001111111010110011001111100000011111010001110
111100101110001000001010001110110101100110101101001111101001111001101010101011111001010101011100101000110110000000010001000110110011101010100000001100000001010010
1000000101111100011100000000101101011110111111111100000001110111001111010110111001101011101010000011010011101100010100100001100010011011110100100011111010100001110
110101110100110110101010001001001000110000001100110101010111010110011001000000111100010101100001110100111110010111010010000101100101001000010010111001000110000
111011110011101101001011101010001111111101110001010111010010000001001001000100000000110100001010100010111000000100110110100001011101110010001111101001001000110000
1001000010010001101000101101001101100101000110101010100010011000100011110010111110001111100001101100100100110111111000011101111110111001011010011001110110010000001
1000110001001011111111101010011001111110010111001010000101110011000010111100110100110011000110101111101110010001000011011011110011010000010011111111011100100101010
110011000111110101100010000111001101111110011010100001101111001110100000001101011001111100010001100100101001111111011011011001011000010101010101001001000101111100
101000010110111001100110101111111111011111101110000001011010101011111111011100010010110001011101100101000001011000000101001110101111010001110111110101010100001001
10110000111011010111011000010000010110010000011100011001101011000100101000110110101110000111000110110000011110111110001001000000110011010000010101111101100101001
11001000100010011101000011111001100001110101010101100000001010001011100111011001011101101011011000111001100100100010001100010110111011101101000111000000110000000
1110001110100011101011010110011110011101001100100101100100011100101010011101111100100110011000111100100110111111000001000101101001010101010111101001110010001
100000001111011111010101101011010111100110000100110000011010011001100110011101110001001101000000010001011001110010000000101100110101100101111100110111111000101110
111011100010010100101101011111101101001101001111001100100110010110111111001010101110001001000001100001001000001110001001011111001100111100100110101001101001111101
111010010100011101001110000000110110110011011011111001100110101001110101110100110110100000001110011111100000111101101110000110000111010011001000010001001011101
1000101001110010010001001110101110001011010110011001001110011011110011010000010101000100100001100001000111011111110100001100110010110010111100010010101001111100110
111000111100011000011001011101001111111101111010000100100001111100110101100000100011001110111100100000001111101010011001111010100101110110100110111000011100100000
